((("s-right" .
   [1 0 0 0 0 0 0])
  ("windmove-right" .
   [1 0 0 0 0 0 0 0 0 0 0 0 0 0])
  ("s-left" .
   [0 0 0 0 1 0])
  ("kdb" .
   [1 0 0])
  ("kbd" .
   [2 0 0])
  ("M-up" .
   [1 0 0 0])
  ("M-down" .
   [1 0 0 0 0 0])
  ("down" .
   [1 0 0 0])
  ("up" .
   [2 0])
  ("meta" .
   [2 0 0 0])
  ("global-set-key" .
   [0 0 0 0 0 0 0 0 0 1 2 0 0 0])
  ("define-key" .
   [0 0 0 0 1 1 0 0 0 0])
  ("scroll-up" .
   [1 0 0 0 0 0 0 0 0])
  ("scroll-down" .
   [0 0 0 0 0 0 1 0 0 0 0])
  ("progn" .
   [1 0 0 0 0])))
